NearestNeighbor profit 66081.96976487557 0 92 27 66 57 60 24 80 72 67 84 38 29 28 2 45 33 11 85 26 19 61 59 90 97 31 10 58 20 71 9 89 48 74 96 55 7 79 88 0 
NearestNeighbor profit 68456.10592413126 1 39 72 67 84 38 29 28 2 45 33 11 85 26 19 61 59 90 97 31 10 58 20 71 9 89 48 74 96 55 7 0 92 27 66 57 60 24 80 68 1 
NearestNeighbor profit 66904.12374010684 2 28 45 33 11 85 26 19 61 59 90 97 31 10 58 20 71 9 89 48 74 96 55 7 0 92 27 66 57 60 24 80 72 67 84 38 29 4 36 75 94 2 
NearestNeighbor profit 70072.66194836814 3 96 55 7 0 92 27 66 57 60 24 80 72 67 84 38 29 28 2 45 33 11 85 26 19 61 59 90 97 31 10 58 20 71 9 89 48 74 52 69 93 21 87 78 37 98 3 
NearestNeighbor profit 11850.261996711673 4 36 38 84 67 72 68 39 53 4 
NearestNeighbor profit 6389.843104282996 5 48 89 9 83 37 98 5 
NearestNeighbor profit 73999.52456166496 6 8 56 19 85 26 11 61 59 90 97 31 10 58 20 71 9 89 48 74 96 55 7 0 92 27 66 57 60 24 80 72 67 84 38 29 28 2 45 33 54 82 6 
NearestNeighbor profit 68801.82165372852 7 0 92 27 66 57 60 24 80 72 67 84 38 29 28 2 45 33 11 85 26 19 61 59 90 97 31 10 58 20 71 9 89 48 74 96 55 79 88 7 
NearestNeighbor profit 73873.858438302 8 6 11 85 26 19 61 59 90 97 31 10 58 20 71 9 89 48 74 96 55 7 0 92 27 66 57 60 24 80 72 67 84 38 29 28 2 45 33 54 82 56 86 8 
NearestNeighbor profit 66893.54310033949 9 89 48 74 96 55 7 0 92 27 66 57 60 24 80 72 67 84 38 29 28 2 45 33 11 85 26 19 61 59 90 97 31 10 58 20 71 73 9 
NearestNeighbor profit 39558.29655049923 10 31 90 97 22 61 85 26 11 19 8 6 56 86 24 80 72 67 84 38 29 28 2 45 33 54 82 10 
NearestNeighbor profit 71745.36932478013 11 85 26 19 61 59 90 97 31 10 58 20 71 9 89 48 74 96 55 7 0 92 27 66 57 60 24 80 72 67 84 38 29 28 2 45 33 8 6 56 86 11 
NearestNeighbor profit 14593.100787726562 12 75 94 4 36 38 84 67 72 68 39 53 12 
NearestNeighbor profit 67349.44068104366 13 2 28 45 33 11 85 26 19 61 59 90 97 31 10 58 20 71 9 89 48 74 96 55 7 0 92 27 66 57 60 24 80 72 67 84 38 29 4 36 75 94 13 
NearestNeighbor profit 39586.96387043012 14 10 31 90 97 22 61 85 26 11 19 8 6 56 86 24 80 72 67 84 38 29 28 2 45 33 54 82 14 
NearestNeighbor profit 11321.76800740833 15 69 52 78 89 48 9 83 37 98 15 
NearestNeighbor profit 39103.28089365161 16 10 31 90 97 22 61 85 26 11 19 8 6 56 86 24 80 72 67 84 38 29 28 2 45 33 54 82 16 
NearestNeighbor profit 14379.52395452576 17 52 69 93 21 87 78 89 48 9 83 37 98 17 
NearestNeighbor profit 11653.140071620335 18 52 69 93 21 87 78 89 48 9 83 37 98 18 
NearestNeighbor profit 73006.50911763025 19 85 26 11 8 6 56 61 59 90 97 31 10 58 20 71 9 89 48 74 96 55 7 0 92 27 66 57 60 24 80 72 67 84 38 29 28 2 45 33 54 82 19 
NearestNeighbor profit 41896.53255123618 20 58 10 31 90 97 22 61 85 26 11 19 8 6 56 86 24 80 72 67 84 38 29 28 2 45 33 54 82 20 
NearestNeighbor profit 12168.32507130353 21 69 52 78 89 48 9 83 37 98 21 
NearestNeighbor profit 66558.45719419223 22 90 97 31 10 58 20 71 9 89 48 74 96 55 7 0 92 27 66 57 60 24 80 72 67 84 38 29 28 2 45 33 11 85 26 19 61 59 34 22 
NearestNeighbor profit 3155.169273132764 23 37 98 23 
NearestNeighbor profit 68145.47227110309 24 80 72 67 84 38 29 28 2 45 33 11 85 26 19 61 59 90 97 31 10 58 20 71 9 89 48 74 96 55 7 0 92 27 66 57 60 68 39 53 24 
NearestNeighbor profit 9120.553952603937 25 64 69 52 78 89 48 9 83 37 98 25 
NearestNeighbor profit 73086.22229752461 26 85 19 11 8 6 56 61 59 90 97 31 10 58 20 71 9 89 48 74 96 55 7 0 92 27 66 57 60 24 80 72 67 84 38 29 28 2 45 33 54 82 26 
NearestNeighbor profit 66429.85575015907 27 92 66 57 60 24 80 72 67 84 38 29 28 2 45 33 11 85 26 19 61 59 90 97 31 10 58 20 71 9 89 48 74 96 55 7 0 46 27 
NearestNeighbor profit 67729.01740417507 28 2 45 33 11 85 26 19 61 59 90 97 31 10 58 20 71 9 89 48 74 96 55 7 0 92 27 66 57 60 24 80 72 67 84 38 29 4 36 75 94 28 
NearestNeighbor profit 10657.897278987719 29 38 84 67 72 68 39 53 29 
NearestNeighbor profit 14286.315798753116 30 79 55 96 74 52 69 93 21 87 78 89 48 9 83 37 98 30 
NearestNeighbor profit 39472.473410296014 31 10 90 97 22 61 85 26 11 19 8 6 56 86 24 80 72 67 84 38 29 28 2 45 33 54 82 31 
NearestNeighbor profit 14507.654266593006 32 75 94 4 36 38 84 67 72 68 39 53 32 
NearestNeighbor profit 7748.487092861358 33 28 2 45 42 70 99 33 
NearestNeighbor profit 72611.7240384685 34 85 26 11 19 61 59 90 97 31 10 58 20 71 9 89 48 74 96 55 7 0 92 27 66 57 60 24 80 72 67 84 38 29 28 2 45 33 8 6 56 86 34 
NearestNeighbor profit 68184.67870528095 35 98 37 9 89 48 74 96 55 7 0 92 27 66 57 60 24 80 72 67 84 38 29 28 2 45 33 11 85 26 19 61 59 90 97 31 10 58 20 71 73 35 
NearestNeighbor profit 12113.235643197746 36 4 38 84 67 72 68 39 53 36 
NearestNeighbor profit 3211.1684793212 37 98 37 
NearestNeighbor profit 10006.082454301326 38 84 67 72 68 39 53 38 
NearestNeighbor profit 70627.35775696952 39 72 67 84 38 29 28 2 45 33 11 85 26 19 61 59 90 97 31 10 58 20 71 9 89 48 74 96 55 7 0 92 27 66 57 60 24 80 68 39 
NearestNeighbor profit 69105.3880918693 40 70 99 2 28 45 33 11 85 26 19 61 59 90 97 31 10 58 20 71 9 89 48 74 96 55 7 0 92 27 66 57 60 24 80 72 67 84 38 29 4 36 75 94 40 
NearestNeighbor profit 69369.46836338767 41 7 0 92 27 66 57 60 24 80 72 67 84 38 29 28 2 45 33 11 85 26 19 61 59 90 97 31 10 58 20 71 9 89 48 74 96 55 79 88 41 
NearestNeighbor profit 66717.9430229756 42 2 28 45 33 11 85 26 19 61 59 90 97 31 10 58 20 71 9 89 48 74 96 55 7 0 92 27 66 57 60 24 80 72 67 84 38 29 4 36 75 94 42 
NearestNeighbor profit 70792.30896621798 43 72 67 84 38 29 28 2 45 33 11 85 26 19 61 59 90 97 31 10 58 20 71 9 89 48 74 96 55 7 0 92 27 66 57 60 24 80 68 39 53 43 
NearestNeighbor profit 64736.349401280684 44 90 97 31 10 58 20 71 9 89 48 74 96 55 7 0 92 27 66 57 60 24 80 72 67 84 38 29 28 2 45 33 11 85 26 19 61 59 34 44 
NearestNeighbor profit 67044.01897630795 45 2 28 33 11 85 26 19 61 59 90 97 31 10 58 20 71 9 89 48 74 96 55 7 0 92 27 66 57 60 24 80 72 67 84 38 29 4 36 75 94 45 
NearestNeighbor profit 63941.156896942586 46 90 97 31 10 58 20 71 9 89 48 74 96 55 7 0 92 27 66 57 60 24 80 72 67 84 38 29 28 2 45 33 11 85 26 19 61 59 34 46 
NearestNeighbor profit 70695.63906153309 47 99 70 2 28 45 33 11 85 26 19 61 59 90 97 31 10 58 20 71 9 89 48 74 96 55 7 0 92 27 66 57 60 24 80 72 67 84 38 29 4 36 75 94 47 
NearestNeighbor profit 5779.627531748507 48 89 9 83 37 98 48 
NearestNeighbor profit 71492.7939820457 49 72 67 84 38 29 28 2 45 33 11 85 26 19 61 59 90 97 31 10 58 20 71 9 89 48 74 96 55 7 0 92 27 66 57 60 24 80 68 39 53 49 
NearestNeighbor profit 65965.14501539757 50 60 24 80 72 67 84 38 29 28 2 45 33 11 85 26 19 61 59 90 97 31 10 58 20 71 9 89 48 74 96 55 7 0 92 27 66 57 68 39 53 50 
NearestNeighbor profit 11926.856333866594 51 4 36 38 84 67 72 68 39 53 51 
NearestNeighbor profit 13709.161189897071 52 69 93 21 87 78 89 48 9 83 37 98 52 
NearestNeighbor profit 71424.37725892995 53 39 72 67 84 38 29 28 2 45 33 11 85 26 19 61 59 90 97 31 10 58 20 71 9 89 48 74 96 55 7 0 92 27 66 57 60 24 80 68 53 
NearestNeighbor profit 71602.13034005591 54 11 85 26 19 61 59 90 97 31 10 58 20 71 9 89 48 74 96 55 7 0 92 27 66 57 60 24 80 72 67 84 38 29 28 2 45 33 8 6 56 86 54 
NearestNeighbor profit 14891.31377197901 55 96 74 52 69 93 21 87 78 89 48 9 83 37 98 55 
NearestNeighbor profit 73814.06591218583 56 8 6 11 85 26 19 61 59 90 97 31 10 58 20 71 9 89 48 74 96 55 7 0 92 27 66 57 60 24 80 72 67 84 38 29 28 2 45 33 54 82 56 
NearestNeighbor profit 10388.752804860682 57 92 27 66 7 0 48 89 9 83 37 98 57 
NearestNeighbor profit 41709.44883632724 58 20 10 31 90 97 22 61 85 26 11 19 8 6 56 86 24 80 72 67 84 38 29 28 2 45 33 54 82 58 
NearestNeighbor profit 34976.36196026835 59 61 85 26 11 19 8 6 56 86 24 80 72 67 84 38 29 28 2 45 33 54 82 59 
NearestNeighbor profit 67749.31827478544 60 24 80 72 67 84 38 29 28 2 45 33 11 85 26 19 61 59 90 97 31 10 58 20 71 9 89 48 74 96 55 7 0 92 27 66 57 68 39 53 60 
NearestNeighbor profit 34725.63357711539 61 85 26 11 19 8 6 56 86 24 80 72 67 84 38 29 28 2 45 33 54 82 61 
NearestNeighbor profit 4668.61917663217 62 48 89 9 83 37 98 62 
NearestNeighbor profit 71341.82775045448 63 39 72 67 84 38 29 28 2 45 33 11 85 26 19 61 59 90 97 31 10 58 20 71 9 89 48 74 96 55 7 0 92 27 66 57 60 24 80 68 63 
NearestNeighbor profit 9513.416289673134 64 25 69 52 78 89 48 9 83 37 98 64 
NearestNeighbor profit 8749.595666791703 65 69 52 78 89 48 9 83 37 98 65 
NearestNeighbor profit 13052.843579414217 66 27 92 0 7 96 55 79 88 66 
NearestNeighbor profit 69387.53029794779 67 84 38 29 28 2 45 33 11 85 26 19 61 59 90 97 31 10 58 20 71 9 89 48 74 96 55 7 0 92 27 66 57 60 24 80 72 68 39 53 67 
NearestNeighbor profit 70411.70239142794 68 72 67 84 38 29 28 2 45 33 11 85 26 19 61 59 90 97 31 10 58 20 71 9 89 48 74 96 55 7 0 92 27 66 57 60 24 80 39 53 68 
NearestNeighbor profit 10651.742215132794 69 52 78 89 48 9 83 37 98 69 
NearestNeighbor profit 69730.60453784975 70 99 2 28 45 33 11 85 26 19 61 59 90 97 31 10 58 20 71 9 89 48 74 96 55 7 0 92 27 66 57 60 24 80 72 67 84 38 29 4 36 75 94 70 
NearestNeighbor profit 43196.524895664115 71 20 58 10 31 90 97 22 61 85 26 11 19 8 6 56 86 24 80 72 67 84 38 29 28 2 45 33 54 82 71 
NearestNeighbor profit 71485.67954609607 72 67 84 38 29 28 2 45 33 11 85 26 19 61 59 90 97 31 10 58 20 71 9 89 48 74 96 55 7 0 92 27 66 57 60 24 80 68 39 53 72 
NearestNeighbor profit 43291.48423477192 73 58 20 10 31 90 97 22 61 85 26 11 19 8 6 56 86 24 80 72 67 84 38 29 28 2 45 33 54 82 73 
NearestNeighbor profit 71457.73785667562 74 96 55 7 0 92 27 66 57 60 24 80 72 67 84 38 29 28 2 45 33 11 85 26 19 61 59 90 97 31 10 58 20 71 9 89 48 52 69 93 21 87 78 37 98 74 
NearestNeighbor profit 14341.474658119672 75 94 4 36 38 84 67 72 68 39 53 75 
NearestNeighbor profit 34107.01186001777 76 61 85 26 11 19 8 6 56 86 24 80 72 67 84 38 29 28 2 45 33 54 82 76 
NearestNeighbor profit 10827.969361172021 77 4 36 38 84 67 72 68 39 53 77 
NearestNeighbor profit 8768.744940471623 78 52 69 93 21 87 15 78 
NearestNeighbor profit 15017.306278409127 79 55 96 74 52 69 93 21 87 78 89 48 9 83 37 98 79 
NearestNeighbor profit 67996.04588628616 80 24 60 68 72 67 84 38 29 28 2 45 33 11 85 26 19 61 59 90 97 31 10 58 20 71 9 89 48 74 96 55 7 0 92 27 66 57 80 
NearestNeighbor profit 16597.360741784214 81 94 75 4 36 38 84 67 72 68 39 53 81 
NearestNeighbor profit 71298.28308836007 82 11 85 26 19 61 59 90 97 31 10 58 20 71 9 89 48 74 96 55 7 0 92 27 66 57 60 24 80 72 67 84 38 29 28 2 45 33 8 6 56 86 82 
NearestNeighbor profit 68120.09368290778 83 9 89 48 74 96 55 7 0 92 27 66 57 60 24 80 72 67 84 38 29 28 2 45 33 11 85 26 19 61 59 90 97 31 10 58 20 71 73 83 
NearestNeighbor profit 9150.758025564472 84 67 72 68 39 53 84 
NearestNeighbor profit 71586.07019842966 85 26 11 19 61 59 90 97 31 10 58 20 71 9 89 48 74 96 55 7 0 92 27 66 57 60 24 80 72 67 84 38 29 28 2 45 33 8 6 56 86 85 
NearestNeighbor profit 73873.85843830199 86 8 6 11 85 26 19 61 59 90 97 31 10 58 20 71 9 89 48 74 96 55 7 0 92 27 66 57 60 24 80 72 67 84 38 29 28 2 45 33 54 82 56 86 
NearestNeighbor profit 13046.178304453482 87 52 69 93 21 78 89 48 9 83 37 98 87 
NearestNeighbor profit 14630.892004113588 88 79 55 96 74 52 69 93 21 87 78 89 48 9 83 37 98 88 
NearestNeighbor profit 6055.245850644507 89 48 9 83 37 98 89 
NearestNeighbor profit 65020.47320679265 90 97 31 10 58 20 71 9 89 48 74 96 55 7 0 92 27 66 57 60 24 80 72 67 84 38 29 28 2 45 33 11 85 26 19 61 59 34 90 
NearestNeighbor profit 67093.50891727679 91 7 0 92 27 66 57 60 24 80 72 67 84 38 29 28 2 45 33 11 85 26 19 61 59 90 97 31 10 58 20 71 9 89 48 74 96 55 79 88 91 
NearestNeighbor profit 66853.49548519854 92 27 66 57 60 24 80 72 67 84 38 29 28 2 45 33 11 85 26 19 61 59 90 97 31 10 58 20 71 9 89 48 74 96 55 7 0 46 92 
NearestNeighbor profit 12819.707871751596 93 69 52 78 89 48 9 83 37 98 93 
NearestNeighbor profit 16122.234633380634 94 75 4 36 38 84 67 72 68 39 53 94 
NearestNeighbor profit 7730.20007367811 95 38 84 67 72 68 39 53 95 
NearestNeighbor profit 70348.18644441989 96 55 7 0 92 27 66 57 60 24 80 72 67 84 38 29 28 2 45 33 11 85 26 19 61 59 90 97 31 10 58 20 71 9 89 48 74 52 69 93 21 87 78 37 98 96 
NearestNeighbor profit 65955.25615873885 97 90 31 10 58 20 71 9 89 48 74 96 55 7 0 92 27 66 57 60 24 80 72 67 84 38 29 28 2 45 33 11 85 26 19 61 59 34 97 
NearestNeighbor profit 68020.53291168965 98 37 9 89 48 74 96 55 7 0 92 27 66 57 60 24 80 72 67 84 38 29 28 2 45 33 11 85 26 19 61 59 90 97 31 10 58 20 71 73 98 
NearestNeighbor profit 70526.88930808121 99 70 2 28 45 33 11 85 26 19 61 59 90 97 31 10 58 20 71 9 89 48 74 96 55 7 0 92 27 66 57 60 24 80 72 67 84 38 29 4 36 75 94 99 
6 2721 1482
8 2716 1432
56 2628 1479
19 2576 1676
85 2597 1830
26 2678 1825
11 2728 1698
61 2290 1810
59 2139 1806
90 1625 1651
97 1724 1642
31 1424 1728
10 1251 1832
58 890 1846
20 928 1700
71 872 1559
9 738 1325
89 742 1025
48 938 955
74 839 620
96 776 392
55 953 268
7 1286 525
0 1380 939
92 1787 1009
27 1795 962
66 1917 687
57 2097 981
60 2421 1007
24 2574 946
80 2599 901
72 2863 558
67 2991 792
84 3113 885
38 3479 821
29 3520 1079
28 3384 1498
2 3510 1671
45 3373 1646
33 3085 1528
54 2945 1622
82 2961 1605
6 2721 1482
GreedyCycle profit 68532.7736788388 0 66 57 27 92 88 79 55 15 87 21 93 69 78 52 98 23 37 83 58 19 56 6 45 70 99 42 2 82 54 33 28 29 94 32 75 36 95 77 51 4 38 84 67 53 63 39 68 49 72 80 60 24 86 8 11 26 34 85 59 61 22 97 90 46 31 16 14 10 71 73 20 9 89 5 48 74 25 65 3 64 96 7 0 
GreedyCycle profit 58589.800969364966 1 45 70 99 42 2 82 54 33 28 29 94 32 75 36 95 77 51 4 38 84 67 88 79 55 15 87 21 93 69 78 52 98 23 37 83 58 19 56 6 86 8 11 26 34 85 59 61 22 97 90 46 31 16 14 10 71 73 20 9 89 5 48 74 25 65 3 64 96 7 0 92 57 27 66 60 24 80 68 49 72 53 63 39 1 
GreedyCycle profit 78010.75880859749 2 26 22 97 66 57 27 92 0 7 88 79 55 25 65 3 64 96 74 5 48 15 87 21 93 69 78 52 89 98 23 37 83 9 71 73 20 58 16 14 10 46 31 90 59 61 34 85 19 56 6 86 8 11 82 54 33 53 63 39 60 24 80 68 49 72 67 84 94 32 75 36 95 77 51 4 38 29 28 45 70 99 42 2 
GreedyCycle profit 64093.76780337874 3 66 57 27 92 0 7 88 79 55 98 23 37 83 58 19 56 6 45 70 99 42 2 82 54 33 28 29 94 32 75 36 95 77 51 4 38 84 67 53 63 39 68 49 72 80 60 24 86 8 11 26 34 85 59 61 22 97 90 46 31 16 14 10 71 73 20 9 89 5 48 74 96 25 65 64 15 87 21 93 69 78 52 3 
GreedyCycle profit 69139.56666229139 4 94 32 75 36 53 63 39 88 79 55 15 87 21 93 69 78 52 98 23 37 83 58 19 56 6 86 8 11 26 34 85 59 61 22 97 90 46 31 16 14 10 71 73 20 9 89 5 48 74 25 65 3 64 96 7 0 92 57 27 66 60 24 80 68 49 72 67 84 45 70 99 42 2 82 54 33 28 29 38 95 77 51 4 
GreedyCycle profit 64634.29251737533 5 98 23 37 83 58 19 56 6 45 70 99 42 2 82 54 33 28 29 94 32 75 36 95 77 51 4 38 84 67 53 63 39 68 49 72 80 60 24 86 8 11 26 34 85 59 61 22 97 90 46 31 16 14 10 71 73 20 9 15 87 21 93 69 78 52 89 7 88 79 55 25 65 3 64 96 74 48 66 57 27 92 0 5 
GreedyCycle profit 77907.7434236305 6 45 70 99 42 2 82 54 33 28 29 94 32 75 36 95 77 51 4 38 84 67 53 63 39 68 49 72 80 60 24 86 8 26 22 97 66 57 27 92 0 7 88 79 55 25 65 3 64 96 74 5 48 15 87 21 93 69 78 52 89 98 23 37 83 9 71 73 20 58 16 14 10 46 31 90 59 61 34 85 19 11 56 6 
GreedyCycle profit 68848.18070809133 7 66 57 27 92 0 88 79 55 15 87 21 93 69 78 52 98 23 37 83 58 19 56 6 45 70 99 42 2 82 54 33 28 29 94 32 75 36 95 77 51 4 38 84 67 53 63 39 68 49 72 80 60 24 86 8 11 26 34 85 59 61 22 97 90 46 31 16 14 10 71 73 20 9 89 5 48 74 25 65 3 64 96 7 
GreedyCycle profit 78007.53964554566 8 26 22 97 66 57 27 92 0 7 88 79 55 25 65 3 64 96 74 5 48 15 87 21 93 69 78 52 89 98 23 37 83 9 71 73 20 58 16 14 10 46 31 90 59 61 34 85 19 11 56 6 45 70 99 42 2 82 54 33 28 29 94 32 75 36 95 77 51 4 38 84 67 53 63 39 68 49 72 80 60 24 86 8 
GreedyCycle profit 69303.40992839324 9 66 57 27 92 0 7 88 79 55 25 65 3 64 96 74 5 48 15 87 21 93 69 78 52 89 98 23 37 83 58 19 56 6 45 70 99 42 2 82 54 33 28 29 94 32 75 36 95 77 51 4 38 84 67 53 63 39 68 49 72 80 60 24 86 8 11 26 34 85 59 61 22 97 90 46 31 16 14 10 71 73 20 9 
GreedyCycle profit 77993.39784305426 10 19 56 6 45 70 99 42 2 82 54 33 28 29 94 32 75 36 95 77 51 4 38 84 67 53 63 39 68 49 72 80 60 24 86 8 11 26 34 85 59 61 22 97 90 46 31 66 57 27 92 0 7 88 79 55 25 65 3 64 96 74 5 48 15 87 21 93 69 78 52 89 98 23 37 83 9 71 73 20 58 16 14 10 
GreedyCycle profit 78861.94065823148 11 26 22 97 66 57 27 92 0 7 88 79 55 25 65 3 64 96 74 5 48 15 87 21 93 69 78 52 89 98 23 37 83 9 71 73 20 58 16 14 10 46 31 90 59 61 34 85 19 56 6 45 70 99 42 2 82 54 33 28 29 94 32 75 36 95 77 51 4 38 84 67 53 63 39 68 49 72 80 60 24 86 8 11 
GreedyCycle profit 65143.109125575305 12 32 75 94 36 53 63 39 88 79 55 15 87 21 93 69 78 52 98 23 37 83 58 19 56 6 86 8 11 26 34 85 59 61 22 97 90 46 31 16 14 10 71 73 20 9 89 5 48 74 25 65 3 64 96 7 0 92 57 27 66 60 24 80 68 49 72 67 84 45 70 99 42 2 82 54 33 28 29 38 95 77 51 4 12 
GreedyCycle profit 75740.98162110189 13 26 22 97 66 57 27 92 0 7 88 79 55 25 65 3 64 96 74 5 48 15 87 21 93 69 78 52 89 98 23 37 83 9 71 73 20 58 16 14 10 46 31 90 59 61 34 85 19 56 6 86 8 11 82 54 33 53 63 39 60 24 80 68 49 72 67 84 94 32 75 36 95 77 51 4 38 29 28 45 42 2 70 99 13 
GreedyCycle profit 75206.46058103145 14 19 56 6 45 70 99 42 2 82 54 33 28 29 94 32 75 36 95 77 51 4 38 84 67 53 63 39 68 49 72 80 60 24 86 8 11 26 34 85 59 61 22 97 90 46 31 66 57 27 92 0 7 88 79 55 25 65 3 64 96 74 5 48 15 87 21 93 69 78 52 89 98 23 37 83 9 71 73 20 58 10 16 14 
GreedyCycle profit 68502.6333726792 15 69 66 57 27 92 0 7 88 79 55 25 65 3 64 96 74 5 48 98 23 37 83 58 19 56 6 45 70 99 42 2 82 54 33 28 29 94 32 75 36 95 77 51 4 38 84 67 53 63 39 68 49 72 80 60 24 86 8 11 26 34 85 59 61 22 97 90 46 31 16 14 10 71 73 20 9 89 78 52 93 87 21 15 
GreedyCycle profit 73390.94113907071 16 19 56 6 45 70 99 42 2 82 54 33 28 29 94 32 75 36 95 77 51 4 38 84 67 53 63 39 68 49 72 80 60 24 86 8 11 26 34 85 59 61 22 97 90 46 31 10 66 57 27 92 0 7 88 79 55 25 65 3 64 96 74 5 48 15 87 21 93 69 78 52 89 98 23 37 83 9 71 73 20 58 14 16 
GreedyCycle profit 66023.75997518247 17 15 87 21 93 69 66 57 27 92 0 7 88 79 55 25 65 3 64 96 74 5 48 83 58 19 56 6 45 70 99 42 2 82 54 33 28 29 94 32 75 36 95 77 51 4 38 84 67 53 63 39 68 49 72 80 60 24 86 8 11 26 34 85 59 61 22 97 90 46 31 16 14 10 71 73 20 9 89 78 52 98 23 37 17 
GreedyCycle profit 64617.20541209252 18 15 87 21 93 69 78 52 66 57 27 92 0 7 88 79 55 25 65 3 64 96 98 23 37 83 58 19 56 6 45 70 99 42 2 82 54 33 28 29 94 32 75 36 95 77 51 4 38 84 67 53 63 39 68 49 72 80 60 24 86 8 11 26 34 85 59 61 22 97 90 46 31 16 14 10 71 73 20 9 89 5 48 74 18 
GreedyCycle profit 78335.08420702706 19 26 22 97 66 57 27 92 0 7 88 79 55 25 65 3 64 96 74 5 48 15 87 21 93 69 78 52 89 98 23 37 83 9 71 73 20 58 16 14 10 46 31 90 59 61 34 85 56 6 45 70 99 42 2 82 54 33 28 29 94 32 75 36 95 77 51 4 38 84 67 53 63 39 68 49 72 80 60 24 86 8 11 19 
GreedyCycle profit 75183.19665340305 20 58 19 56 6 45 70 99 42 2 82 54 33 28 29 94 32 75 36 95 77 51 4 38 84 67 53 63 39 68 49 72 80 60 24 86 8 11 26 34 85 59 61 22 97 90 46 31 16 14 10 66 57 27 92 0 7 88 79 55 25 65 3 64 96 74 5 48 15 87 21 93 69 78 52 89 98 23 37 83 9 71 73 20 
GreedyCycle profit 69233.20445680918 21 69 66 57 27 92 0 7 88 79 55 25 65 3 64 96 74 5 48 98 23 37 83 58 19 56 6 45 70 99 42 2 82 54 33 28 29 94 32 75 36 95 77 51 4 38 84 67 53 63 39 68 49 72 80 60 24 86 8 11 26 34 85 59 61 22 97 90 46 31 16 14 10 71 73 20 9 89 78 52 93 15 87 21 
GreedyCycle profit 75399.6299172045 22 97 66 57 27 92 0 7 88 79 55 25 65 3 64 96 74 5 48 15 87 21 93 69 78 52 89 98 23 37 83 9 71 73 20 58 16 14 10 46 31 90 19 56 6 45 70 99 42 2 82 54 33 28 29 94 32 75 36 95 77 51 4 38 84 67 53 63 39 68 49 72 80 60 24 86 8 11 26 34 85 59 61 22 
GreedyCycle profit 65160.78727677397 23 98 37 66 57 27 92 0 7 88 79 55 25 65 3 64 96 74 5 48 15 87 21 93 69 78 52 89 83 58 19 56 6 45 70 99 42 2 82 54 33 28 29 94 32 75 36 95 77 51 4 38 84 67 53 63 39 68 49 72 80 60 24 86 8 11 26 34 85 59 61 22 97 90 46 31 16 14 10 71 73 20 9 23 
GreedyCycle profit 63477.62721394564 24 45 70 99 42 2 82 54 33 28 29 94 32 75 36 95 77 51 4 38 84 67 53 63 39 68 49 72 80 88 79 55 15 87 21 93 69 78 52 98 23 37 83 58 19 56 6 86 8 11 26 34 85 59 61 22 97 90 46 31 16 14 10 71 73 20 9 89 5 48 74 25 65 3 64 96 7 0 92 57 27 66 60 24 
GreedyCycle profit 66646.25929542437 25 78 52 15 87 21 93 69 66 57 27 92 0 7 88 79 55 98 23 37 83 58 19 56 6 45 70 99 42 2 82 54 33 28 29 94 32 75 36 95 77 51 4 38 84 67 53 63 39 68 49 72 80 60 24 86 8 11 26 34 85 59 61 22 97 90 46 31 16 14 10 71 73 20 9 89 5 48 74 96 65 3 64 25 
GreedyCycle profit 79062.85288020634 26 22 97 66 57 27 92 0 7 88 79 55 25 65 3 64 96 74 5 48 15 87 21 93 69 78 52 89 98 23 37 83 9 71 73 20 58 16 14 10 46 31 90 59 61 34 85 19 56 6 45 70 99 42 2 82 54 33 28 29 94 32 75 36 95 77 51 4 38 84 67 53 63 39 68 49 72 80 60 24 86 8 11 26 
GreedyCycle profit 69440.25836858765 27 88 79 55 15 87 21 93 69 78 52 98 23 37 83 58 19 56 6 45 70 99 42 2 82 54 33 28 29 94 32 75 36 95 77 51 4 38 84 67 53 63 39 68 49 72 80 60 24 86 8 11 26 34 85 59 61 22 97 90 46 31 16 14 10 71 73 20 9 89 5 48 74 25 65 3 64 96 7 0 92 66 57 27 
GreedyCycle profit 76405.29531704419 28 45 70 99 42 2 26 22 97 66 57 27 92 0 7 88 79 55 25 65 3 64 96 74 5 48 15 87 21 93 69 78 52 89 98 23 37 83 9 71 73 20 58 16 14 10 46 31 90 59 61 34 85 19 56 6 86 8 11 82 54 33 53 63 39 60 24 80 68 49 72 67 84 94 32 75 36 95 77 51 4 38 29 28 
GreedyCycle profit 65106.91141573888 29 53 63 39 88 79 55 15 87 21 93 69 78 52 98 23 37 83 58 19 56 6 86 8 11 26 34 85 59 61 22 97 90 46 31 16 14 10 71 73 20 9 89 5 48 74 25 65 3 64 96 7 0 92 57 27 66 60 24 80 68 49 72 67 84 94 32 75 36 95 77 51 4 38 45 70 99 42 2 82 54 33 28 29 
GreedyCycle profit 64212.85961983008 30 15 87 21 93 69 78 52 98 23 37 83 58 19 56 6 45 70 99 42 2 82 54 33 28 29 94 32 75 36 95 77 51 4 38 84 67 53 63 39 68 49 72 80 60 24 86 8 11 26 34 85 59 61 22 97 90 46 31 16 14 10 71 73 20 9 89 5 48 74 25 65 3 64 96 66 57 27 92 0 7 55 79 88 30 
GreedyCycle profit 76139.09042918168 31 66 57 27 92 0 7 88 79 55 25 65 3 64 96 74 5 48 15 87 21 93 69 78 52 89 98 23 37 83 9 71 73 20 58 16 14 10 19 56 6 45 70 99 42 2 82 54 33 28 29 94 32 75 36 95 77 51 4 38 84 67 53 63 39 68 49 72 80 60 24 86 8 11 26 34 85 59 61 22 97 90 46 31 
GreedyCycle profit 65339.944077279084 32 94 75 36 53 63 39 88 79 55 15 87 21 93 69 78 52 98 23 37 83 58 19 56 6 86 8 11 26 34 85 59 61 22 97 90 46 31 16 14 10 71 73 20 9 89 5 48 74 25 65 3 64 96 7 0 92 57 27 66 60 24 80 68 49 72 67 84 45 70 99 42 2 82 54 33 28 29 38 95 77 51 4 32 
GreedyCycle profit 74564.27287652645 33 45 70 99 42 2 53 63 39 60 24 80 68 49 72 67 84 94 32 75 36 95 77 51 4 38 29 28 26 22 97 66 57 27 92 0 7 88 79 55 25 65 3 64 96 74 5 48 15 87 21 93 69 78 52 89 98 23 37 83 9 71 73 20 58 16 14 10 46 31 90 59 61 34 85 19 56 6 86 8 11 82 54 33 
GreedyCycle profit 78373.8424450106 34 19 56 6 45 70 99 42 2 82 54 33 28 29 94 32 75 36 95 77 51 4 38 84 67 53 63 39 68 49 72 80 60 24 86 8 11 26 22 97 66 57 27 92 0 7 88 79 55 25 65 3 64 96 74 5 48 15 87 21 93 69 78 52 89 98 23 37 83 9 71 73 20 58 16 14 10 46 31 90 59 61 85 34 
GreedyCycle profit 64989.26587242565 35 98 23 37 66 57 27 92 0 7 88 79 55 25 65 3 64 96 74 5 48 15 87 21 93 69 78 52 89 83 58 19 56 6 45 70 99 42 2 82 54 33 28 29 94 32 75 36 95 77 51 4 38 84 67 53 63 39 68 49 72 80 60 24 86 8 11 26 34 85 59 61 22 97 90 46 31 16 14 10 71 73 20 9 35 
GreedyCycle profit 66669.13049368441 36 53 63 39 88 79 55 15 87 21 93 69 78 52 98 23 37 83 58 19 56 6 86 8 11 26 34 85 59 61 22 97 90 46 31 16 14 10 71 73 20 9 89 5 48 74 25 65 3 64 96 7 0 92 57 27 66 60 24 80 68 49 72 67 84 45 70 99 42 2 82 54 33 28 29 38 95 77 51 4 94 32 75 36 
GreedyCycle profit 69362.24623991472 37 98 66 57 27 92 0 7 88 79 55 25 65 3 64 96 74 5 48 15 87 21 93 69 78 52 89 83 58 19 56 6 45 70 99 42 2 82 54 33 28 29 94 32 75 36 95 77 51 4 38 84 67 53 63 39 68 49 72 80 60 24 86 8 11 26 34 85 59 61 22 97 90 46 31 16 14 10 71 73 20 9 23 37 
GreedyCycle profit 66883.52605296989 38 53 63 39 88 79 55 15 87 21 93 69 78 52 98 23 37 83 58 19 56 6 86 8 11 26 34 85 59 61 22 97 90 46 31 16 14 10 71 73 20 9 89 5 48 74 25 65 3 64 96 7 0 92 57 27 66 60 24 80 68 49 72 67 84 45 70 99 42 2 82 54 33 28 29 94 32 75 36 95 77 51 4 38 
GreedyCycle profit 64123.79420153854 39 45 70 99 42 2 82 54 33 28 29 94 32 75 36 95 77 51 4 38 84 67 88 79 55 15 87 21 93 69 78 52 98 23 37 83 58 19 56 6 86 8 11 26 34 85 59 61 22 97 90 46 31 16 14 10 71 73 20 9 89 5 48 74 25 65 3 64 96 7 0 92 57 27 66 60 24 80 68 49 72 53 63 39 
GreedyCycle profit 74675.88791876876 40 99 26 22 97 66 57 27 92 0 7 88 79 55 25 65 3 64 96 74 5 48 15 87 21 93 69 78 52 89 98 23 37 83 9 71 73 20 58 16 14 10 46 31 90 59 61 34 85 19 56 6 86 8 11 82 54 33 53 63 39 60 24 80 68 49 72 67 84 94 32 75 36 95 77 51 4 38 29 28 45 42 2 70 40 
GreedyCycle profit 69596.81606151539 41 66 57 27 92 0 7 15 87 21 93 69 78 52 98 23 37 83 58 19 56 6 45 70 99 42 2 82 54 33 28 29 94 32 75 36 95 77 51 4 38 84 67 53 63 39 68 49 72 80 60 24 86 8 11 26 34 85 59 61 22 97 90 46 31 16 14 10 71 73 20 9 89 5 48 74 25 65 3 64 96 55 79 88 41 
GreedyCycle profit 76799.1117651964 42 26 22 97 66 57 27 92 0 7 88 79 55 25 65 3 64 96 74 5 48 15 87 21 93 69 78 52 89 98 23 37 83 9 71 73 20 58 16 14 10 46 31 90 59 61 34 85 19 56 6 86 8 11 82 54 33 53 63 39 60 24 80 68 49 72 67 84 94 32 75 36 95 77 51 4 38 29 28 45 70 99 2 42 
GreedyCycle profit 63063.25952472377 43 45 70 99 42 2 82 54 33 28 29 94 32 75 36 95 77 51 4 38 84 67 53 63 39 88 79 55 15 87 21 93 69 78 52 98 23 37 83 58 19 56 6 86 8 11 26 34 85 59 61 22 97 90 46 31 16 14 10 71 73 20 9 89 5 48 74 25 65 3 64 96 7 0 92 57 27 66 60 24 80 68 72 49 43 
GreedyCycle profit 75300.34833927728 44 19 56 6 45 70 99 42 2 82 54 33 28 29 94 32 75 36 95 77 51 4 38 84 67 53 63 39 68 49 72 80 60 24 86 8 11 26 34 85 59 61 22 97 66 57 27 92 0 7 88 79 55 25 65 3 64 96 74 5 48 15 87 21 93 69 78 52 89 98 23 37 83 9 71 73 20 58 16 14 10 46 31 90 44 
GreedyCycle profit 77146.84927343907 45 70 99 42 2 26 22 97 66 57 27 92 0 7 88 79 55 25 65 3 64 96 74 5 48 15 87 21 93 69 78 52 89 98 23 37 83 9 71 73 20 58 16 14 10 46 31 90 59 61 34 85 19 56 6 86 8 11 82 54 33 53 63 39 60 24 80 68 49 72 67 84 94 32 75 36 95 77 51 4 38 29 28 45 
GreedyCycle profit 69355.75589622396 46 19 56 6 45 70 99 42 2 82 54 33 28 29 94 32 75 36 95 77 51 4 38 84 67 53 63 39 68 49 72 80 60 24 86 8 11 26 34 85 59 61 22 97 7 88 79 55 25 65 3 64 96 74 5 48 15 87 21 93 69 78 52 89 98 23 37 83 9 71 73 20 58 16 14 10 31 90 66 57 27 0 92 46 
GreedyCycle profit 69692.69754272111 47 26 22 97 66 57 27 92 0 7 88 79 55 25 65 3 64 96 74 5 48 15 87 21 93 69 78 52 89 98 23 37 83 9 71 73 20 58 16 14 10 46 31 90 59 61 34 85 19 56 6 86 8 11 82 54 33 28 45 42 2 70 99 53 63 39 60 24 80 68 49 72 67 84 94 32 75 36 95 77 51 4 38 29 47 
GreedyCycle profit 70779.47911693947 48 98 23 37 83 58 19 56 6 45 70 99 42 2 82 54 33 28 29 94 32 75 36 95 77 51 4 38 84 67 53 63 39 68 49 72 80 60 24 86 8 11 26 34 85 59 61 22 97 90 46 31 16 14 10 71 73 20 9 15 87 21 93 69 78 52 89 66 57 27 92 0 7 88 79 55 25 65 3 64 96 74 5 48 
GreedyCycle profit 65655.62717484015 49 45 70 99 42 2 82 54 33 28 29 94 32 75 36 95 77 51 4 38 84 67 53 63 39 88 79 55 15 87 21 93 69 78 52 98 23 37 83 58 19 56 6 86 8 11 26 34 85 59 61 22 97 90 46 31 16 14 10 71 73 20 9 89 5 48 74 25 65 3 64 96 7 0 92 57 27 66 60 24 80 68 72 49 
GreedyCycle profit 73141.55267136556 50 45 70 99 42 2 82 54 33 28 29 94 32 75 36 95 77 51 4 38 84 67 53 63 39 68 49 72 80 24 60 26 22 97 66 57 27 92 0 7 88 79 55 25 65 3 64 96 74 5 48 15 87 21 93 69 78 52 89 98 23 37 83 9 71 73 20 58 16 14 10 46 31 90 59 61 34 85 19 11 56 6 8 86 50 
GreedyCycle profit 68019.76260120289 51 94 32 75 36 4 53 63 39 88 79 55 15 87 21 93 69 78 52 98 23 37 83 58 19 56 6 86 8 11 26 34 85 59 61 22 97 90 46 31 16 14 10 71 73 20 9 89 5 48 74 25 65 3 64 96 7 0 92 57 27 66 60 24 80 68 49 72 67 84 45 70 99 42 2 82 54 33 28 29 38 95 77 51 
GreedyCycle profit 71259.10337677707 52 15 87 21 93 69 66 57 27 92 0 7 88 79 55 25 65 3 64 96 74 5 48 98 23 37 83 58 19 56 6 45 70 99 42 2 82 54 33 28 29 94 32 75 36 95 77 51 4 38 84 67 53 63 39 68 49 72 80 60 24 86 8 11 26 34 85 59 61 22 97 90 46 31 16 14 10 71 73 20 9 89 78 52 
GreedyCycle profit 62891.29805680591 53 45 70 99 42 2 82 54 33 28 29 94 32 75 36 95 77 51 4 38 84 67 88 79 55 15 87 21 93 69 78 52 98 23 37 83 58 19 56 6 86 8 11 26 34 85 59 61 22 97 90 46 31 16 14 10 71 73 20 9 89 5 48 74 25 65 3 64 96 7 0 92 57 27 66 60 24 80 68 49 72 63 39 53 
GreedyCycle profit 74663.84069119947 54 26 22 97 66 57 27 92 0 7 88 79 55 25 65 3 64 96 74 5 48 15 87 21 93 69 78 52 89 98 23 37 83 9 71 73 20 58 16 14 10 46 31 90 59 61 34 85 19 56 6 86 8 11 45 70 99 42 2 53 63 39 60 24 80 68 49 72 67 84 94 32 75 36 95 77 51 4 38 29 28 33 82 54 
GreedyCycle profit 69417.58927476499 55 15 87 21 93 69 78 52 98 23 37 83 58 19 56 6 45 70 99 42 2 82 54 33 28 29 94 32 75 36 95 77 51 4 38 84 67 53 63 39 68 49 72 80 60 24 86 8 11 26 34 85 59 61 22 97 90 46 31 16 14 10 71 73 20 9 89 5 48 74 25 65 3 64 96 66 57 27 92 0 7 88 79 55 
GreedyCycle profit 77488.53989018875 56 6 45 70 99 42 2 82 54 33 28 29 94 32 75 36 95 77 51 4 38 84 67 53 63 39 68 49 72 80 60 24 86 8 26 22 97 66 57 27 92 0 7 88 79 55 25 65 3 64 96 74 5 48 15 87 21 93 69 78 52 89 98 23 37 83 9 71 73 20 58 16 14 10 46 31 90 59 61 34 85 11 19 56 
GreedyCycle profit 63719.23425414109 57 66 27 88 79 55 15 87 21 93 69 78 52 98 23 37 83 58 19 56 6 86 8 11 26 34 85 59 61 22 97 90 46 31 16 14 10 71 73 20 9 89 5 48 74 25 65 3 64 96 7 0 92 45 70 99 42 2 82 54 33 28 29 94 32 75 36 95 77 51 4 38 84 67 53 63 39 68 49 72 80 24 60 57 
GreedyCycle profit 74942.91364339138 58 19 56 6 45 70 99 42 2 82 54 33 28 29 94 32 75 36 95 77 51 4 38 84 67 53 63 39 68 49 72 80 60 24 86 8 11 26 34 85 59 61 22 97 90 46 31 16 14 10 66 57 27 92 0 7 88 79 55 25 65 3 64 96 74 5 48 15 87 21 93 69 78 52 89 98 23 37 83 9 71 73 20 58 
GreedyCycle profit 76674.37902324251 59 19 56 6 45 70 99 42 2 82 54 33 28 29 94 32 75 36 95 77 51 4 38 84 67 53 63 39 68 49 72 80 60 24 86 8 11 26 34 85 61 22 97 66 57 27 92 0 7 88 79 55 25 65 3 64 96 74 5 48 15 87 21 93 69 78 52 89 98 23 37 83 9 71 73 20 58 16 14 10 46 31 90 59 
GreedyCycle profit 61206.26892270851 60 45 70 99 42 2 82 54 33 28 29 94 32 75 36 95 77 51 4 38 84 67 53 63 39 68 49 72 80 24 88 79 55 15 87 21 93 69 78 52 98 23 37 83 58 19 56 6 86 8 11 26 34 85 59 61 22 97 90 46 31 16 14 10 71 73 20 9 89 5 48 74 25 65 3 64 96 7 0 92 57 27 66 60 
GreedyCycle profit 80120.51571214094 61 19 56 6 45 70 99 42 2 82 54 33 28 29 94 32 75 36 95 77 51 4 38 84 67 53 63 39 68 49 72 80 60 24 86 8 11 26 34 85 22 97 66 57 27 92 0 7 88 79 55 25 65 3 64 96 74 5 48 15 87 21 93 69 78 52 89 98 23 37 83 9 71 73 20 58 16 14 10 46 31 90 59 61 
GreedyCycle profit 61217.30638783494 62 98 23 37 83 58 19 56 6 45 70 99 42 2 82 54 33 28 29 94 32 75 36 95 77 51 4 38 84 67 53 63 39 68 49 72 80 60 24 86 8 11 26 34 85 59 61 22 97 90 46 31 16 14 10 71 73 20 9 15 87 21 93 69 78 52 89 88 79 55 25 65 3 64 96 74 5 48 66 57 27 92 7 0 62 
GreedyCycle profit 60477.31387497744 63 53 39 45 70 99 42 2 82 54 33 28 29 94 32 75 36 95 77 51 4 38 84 67 88 79 55 15 87 21 93 69 78 52 98 23 37 83 58 19 56 6 86 8 11 26 34 85 59 61 22 97 90 46 31 16 14 10 71 73 20 9 89 5 48 74 25 65 3 64 96 7 0 92 57 27 66 60 24 80 68 49 72 63 
GreedyCycle profit 66707.07939415073 64 25 78 52 15 87 21 93 69 66 57 27 92 0 7 88 79 55 98 23 37 83 58 19 56 6 45 70 99 42 2 82 54 33 28 29 94 32 75 36 95 77 51 4 38 84 67 53 63 39 68 49 72 80 60 24 86 8 11 26 34 85 59 61 22 97 90 46 31 16 14 10 71 73 20 9 89 5 48 74 96 65 3 64 
GreedyCycle profit 67507.408518246 65 78 52 15 87 21 93 69 25 66 57 27 92 0 7 88 79 55 98 23 37 83 58 19 56 6 45 70 99 42 2 82 54 33 28 29 94 32 75 36 95 77 51 4 38 84 67 53 63 39 68 49 72 80 60 24 86 8 11 26 34 85 59 61 22 97 90 46 31 16 14 10 71 73 20 9 89 5 48 74 96 3 64 65 
GreedyCycle profit 70674.11691442112 66 88 79 55 15 87 21 93 69 78 52 98 23 37 83 58 19 56 6 45 70 99 42 2 82 54 33 28 29 94 32 75 36 95 77 51 4 38 84 67 53 63 39 68 49 72 80 60 24 86 8 11 26 34 85 59 61 22 97 90 46 31 16 14 10 71 73 20 9 89 5 48 74 25 65 3 64 96 7 0 92 57 27 66 
GreedyCycle profit 66646.24822061077 67 45 70 99 42 2 82 54 33 28 29 94 32 75 36 95 77 51 4 38 84 53 63 39 88 79 55 15 87 21 93 69 78 52 98 23 37 83 58 19 56 6 86 8 11 26 34 85 59 61 22 97 90 46 31 16 14 10 71 73 20 9 89 5 48 74 25 65 3 64 96 7 0 92 57 27 66 60 24 80 68 49 72 67 
GreedyCycle profit 67702.69359613933 68 45 70 99 42 2 82 54 33 28 29 94 32 75 36 95 77 51 4 38 84 67 49 72 53 63 39 88 79 55 15 87 21 93 69 78 52 98 23 37 83 58 19 56 6 86 8 11 26 34 85 59 61 22 97 90 46 31 16 14 10 71 73 20 9 89 5 48 74 25 65 3 64 96 7 0 92 57 27 66 60 24 80 68 
GreedyCycle profit 70851.07633559153 69 66 57 27 92 0 7 88 79 55 25 65 3 64 96 74 5 48 98 23 37 83 58 19 56 6 45 70 99 42 2 82 54 33 28 29 94 32 75 36 95 77 51 4 38 84 67 53 63 39 68 49 72 80 60 24 86 8 11 26 34 85 59 61 22 97 90 46 31 16 14 10 71 73 20 9 89 78 52 15 87 21 93 69 
GreedyCycle profit 76214.83627598328 70 99 26 22 97 66 57 27 92 0 7 88 79 55 25 65 3 64 96 74 5 48 15 87 21 93 69 78 52 89 98 23 37 83 9 71 73 20 58 16 14 10 46 31 90 59 61 34 85 19 56 6 86 8 11 82 54 33 53 63 39 60 24 80 68 49 72 67 84 94 32 75 36 95 77 51 4 38 29 28 45 42 2 70 
GreedyCycle profit 71652.9104829371 71 58 19 56 6 45 70 99 42 2 82 54 33 28 29 94 32 75 36 95 77 51 4 38 84 67 53 63 39 68 49 72 80 60 24 86 8 11 26 34 85 59 61 22 97 90 46 31 16 14 10 73 20 66 57 27 92 0 7 88 79 55 25 65 3 64 96 74 5 48 15 87 21 93 69 78 52 89 98 23 37 83 9 71 
GreedyCycle profit 67603.82659835646 72 45 70 99 42 2 82 54 33 28 29 94 32 75 36 95 77 51 4 38 84 67 53 63 39 88 79 55 15 87 21 93 69 78 52 98 23 37 83 58 19 56 6 86 8 11 26 34 85 59 61 22 97 90 46 31 16 14 10 71 73 20 9 89 5 48 74 25 65 3 64 96 7 0 92 57 27 66 60 24 80 68 49 72 
GreedyCycle profit 70953.74995024723 73 58 66 57 27 92 0 7 88 79 55 25 65 3 64 96 74 5 48 15 87 21 93 69 78 52 89 98 23 37 83 9 71 20 19 56 6 45 70 99 42 2 82 54 33 28 29 94 32 75 36 95 77 51 4 38 84 67 53 63 39 68 49 72 80 60 24 86 8 11 26 34 85 59 61 22 97 90 46 31 16 14 10 73 
GreedyCycle profit 70947.26082780636 74 66 57 27 92 0 7 88 79 55 25 65 3 64 96 15 87 21 93 69 78 52 98 23 37 83 58 19 56 6 45 70 99 42 2 82 54 33 28 29 94 32 75 36 95 77 51 4 38 84 67 53 63 39 68 49 72 80 60 24 86 8 11 26 34 85 59 61 22 97 90 46 31 16 14 10 71 73 20 9 89 5 48 74 
GreedyCycle profit 70536.47738746938 75 94 36 53 63 39 88 79 55 15 87 21 93 69 78 52 98 23 37 83 58 19 56 6 86 8 11 26 34 85 59 61 22 97 90 46 31 16 14 10 71 73 20 9 89 5 48 74 25 65 3 64 96 7 0 92 57 27 66 60 24 80 68 49 72 67 84 45 70 99 42 2 82 54 33 28 29 38 95 77 51 4 32 75 
GreedyCycle profit 75325.92498764223 76 19 56 6 45 70 99 42 2 82 54 33 28 29 94 32 75 36 95 77 51 4 38 84 67 53 63 39 68 49 72 80 60 24 86 8 11 26 34 85 59 61 22 97 66 57 27 92 0 7 88 79 55 25 65 3 64 96 74 5 48 15 87 21 93 69 78 52 89 98 23 37 83 9 71 73 20 58 16 14 10 46 31 90 76 
GreedyCycle profit 65792.46226120535 77 94 32 75 36 4 53 63 39 88 79 55 15 87 21 93 69 78 52 98 23 37 83 58 19 56 6 86 8 11 26 34 85 59 61 22 97 90 46 31 16 14 10 71 73 20 9 89 5 48 74 25 65 3 64 96 7 0 92 57 27 66 60 24 80 68 49 72 67 84 45 70 99 42 2 82 54 33 28 29 38 51 95 77 
GreedyCycle profit 69900.16383981062 78 15 87 21 93 69 52 66 57 27 92 0 7 88 79 55 25 65 3 64 96 74 5 48 98 23 37 83 58 19 56 6 45 70 99 42 2 82 54 33 28 29 94 32 75 36 95 77 51 4 38 84 67 53 63 39 68 49 72 80 60 24 86 8 11 26 34 85 59 61 22 97 90 46 31 16 14 10 71 73 20 9 89 78 
GreedyCycle profit 66844.29278731588 79 15 87 21 93 69 78 52 98 23 37 83 58 19 56 6 45 70 99 42 2 82 54 33 28 29 94 32 75 36 95 77 51 4 38 84 67 53 63 39 68 49 72 80 60 24 86 8 11 26 34 85 59 61 22 97 90 46 31 16 14 10 71 73 20 9 89 5 48 74 25 65 3 64 96 66 57 27 92 0 7 55 88 79 
GreedyCycle profit 62128.01813061821 80 88 79 55 15 87 21 93 69 78 52 98 23 37 83 58 19 56 6 86 8 11 26 34 85 59 61 22 97 90 46 31 16 14 10 71 73 20 9 89 5 48 74 25 65 3 64 96 7 0 92 57 27 66 60 24 45 70 99 42 2 82 54 33 28 29 94 32 75 36 95 77 51 4 38 84 67 53 63 39 68 49 72 80 
GreedyCycle profit 65999.37721889441 81 36 53 63 39 88 79 55 15 87 21 93 69 78 52 98 23 37 83 58 19 56 6 86 8 11 26 34 85 59 61 22 97 90 46 31 16 14 10 71 73 20 9 89 5 48 74 25 65 3 64 96 7 0 92 57 27 66 60 24 80 68 49 72 67 84 45 70 99 42 2 82 54 33 28 29 38 95 77 51 4 32 75 94 81 
GreedyCycle profit 74239.27141063509 82 26 22 97 66 57 27 92 0 7 88 79 55 25 65 3 64 96 74 5 48 15 87 21 93 69 78 52 89 98 23 37 83 9 71 73 20 58 16 14 10 46 31 90 59 61 34 85 19 56 6 86 8 11 45 70 99 42 2 53 63 39 60 24 80 68 49 72 67 84 94 32 75 36 95 77 51 4 38 29 28 33 54 82 
GreedyCycle profit 67258.23938779513 83 66 57 27 92 0 7 88 79 55 25 65 3 64 96 74 5 48 15 87 21 93 69 78 52 89 58 19 56 6 45 70 99 42 2 82 54 33 28 29 94 32 75 36 95 77 51 4 38 84 67 53 63 39 68 49 72 80 60 24 86 8 11 26 34 85 59 61 22 97 90 46 31 16 14 10 71 73 20 9 98 23 37 83 
GreedyCycle profit 66628.08488239943 84 53 63 39 88 79 55 15 87 21 93 69 78 52 98 23 37 83 58 19 56 6 86 8 11 26 34 85 59 61 22 97 90 46 31 16 14 10 71 73 20 9 89 5 48 74 25 65 3 64 96 7 0 92 57 27 66 60 24 80 68 49 72 67 45 70 99 42 2 82 54 33 28 29 94 32 75 36 95 77 51 4 38 84 
GreedyCycle profit 79635.00972291185 85 19 56 6 45 70 99 42 2 82 54 33 28 29 94 32 75 36 95 77 51 4 38 84 67 53 63 39 68 49 72 80 60 24 86 8 11 26 22 97 66 57 27 92 0 7 88 79 55 25 65 3 64 96 74 5 48 15 87 21 93 69 78 52 89 98 23 37 83 9 71 73 20 58 16 14 10 46 31 90 59 61 34 85 
GreedyCycle profit 76040.99141147961 86 26 22 97 66 57 27 92 0 7 88 79 55 25 65 3 64 96 74 5 48 15 87 21 93 69 78 52 89 98 23 37 83 9 71 73 20 58 16 14 10 46 31 90 59 61 34 85 19 11 56 6 8 45 70 99 42 2 82 54 33 28 29 94 32 75 36 95 77 51 4 38 84 67 53 63 39 68 49 72 80 60 24 86 
GreedyCycle profit 70024.10324049572 87 66 57 27 92 0 7 88 79 55 25 65 3 64 96 74 5 48 98 23 37 83 58 19 56 6 45 70 99 42 2 82 54 33 28 29 94 32 75 36 95 77 51 4 38 84 67 53 63 39 68 49 72 80 60 24 86 8 11 26 34 85 59 61 22 97 90 46 31 16 14 10 71 73 20 9 89 78 52 69 93 21 15 87 
GreedyCycle profit 66132.89376395522 88 15 87 21 93 69 78 52 98 23 37 83 58 19 56 6 45 70 99 42 2 82 54 33 28 29 94 32 75 36 95 77 51 4 38 84 67 53 63 39 68 49 72 80 60 24 86 8 11 26 34 85 59 61 22 97 90 46 31 16 14 10 71 73 20 9 89 5 48 74 25 65 3 64 96 55 79 66 57 27 92 0 7 88 
GreedyCycle profit 68903.44952288571 89 66 57 27 92 0 7 88 79 55 25 65 3 64 96 74 5 48 98 23 37 83 58 19 56 6 45 70 99 42 2 82 54 33 28 29 94 32 75 36 95 77 51 4 38 84 67 53 63 39 68 49 72 80 60 24 86 8 11 26 34 85 59 61 22 97 90 46 31 16 14 10 71 73 20 9 15 87 21 93 69 78 52 89 
GreedyCycle profit 79032.61758150387 90 19 56 6 45 70 99 42 2 82 54 33 28 29 94 32 75 36 95 77 51 4 38 84 67 53 63 39 68 49 72 80 60 24 86 8 11 26 34 85 59 61 22 97 66 57 27 92 0 7 88 79 55 25 65 3 64 96 74 5 48 15 87 21 93 69 78 52 89 98 23 37 83 9 71 73 20 58 16 14 10 46 31 90 
GreedyCycle profit 63819.240745291085 91 7 66 57 27 92 0 98 23 37 83 58 19 56 6 45 70 99 42 2 82 54 33 28 29 94 32 75 36 95 77 51 4 38 84 67 53 63 39 68 49 72 80 60 24 86 8 11 26 34 85 59 61 22 97 90 46 31 16 14 10 71 73 20 9 15 87 21 93 69 78 52 89 88 79 55 25 65 3 64 96 74 5 48 91 
GreedyCycle profit 68958.36489679442 92 66 57 27 88 79 55 15 87 21 93 69 78 52 98 23 37 83 58 19 56 6 45 70 99 42 2 82 54 33 28 29 94 32 75 36 95 77 51 4 38 84 67 53 63 39 68 49 72 80 60 24 86 8 11 26 34 85 59 61 22 97 90 46 31 16 14 10 71 73 20 9 89 5 48 74 25 65 3 64 96 7 0 92 
GreedyCycle profit 69729.32612753367 93 66 57 27 92 0 7 88 79 55 25 65 3 64 96 74 5 48 98 23 37 83 58 19 56 6 45 70 99 42 2 82 54 33 28 29 94 32 75 36 95 77 51 4 38 84 67 53 63 39 68 49 72 80 60 24 86 8 11 26 34 85 59 61 22 97 90 46 31 16 14 10 71 73 20 9 89 78 52 69 15 87 21 93 
GreedyCycle profit 69465.51273326638 94 36 53 63 39 88 79 55 15 87 21 93 69 78 52 98 23 37 83 58 19 56 6 86 8 11 26 34 85 59 61 22 97 90 46 31 16 14 10 71 73 20 9 89 5 48 74 25 65 3 64 96 7 0 92 57 27 66 60 24 80 68 49 72 67 84 45 70 99 42 2 82 54 33 28 29 38 95 77 51 4 32 75 94 
GreedyCycle profit 67063.9920081 95 53 63 39 88 79 55 15 87 21 93 69 78 52 98 23 37 83 58 19 56 6 86 8 11 26 34 85 59 61 22 97 90 46 31 16 14 10 71 73 20 9 89 5 48 74 25 65 3 64 96 7 0 92 57 27 66 60 24 80 68 49 72 67 84 45 70 99 42 2 82 54 33 28 29 38 94 32 75 36 4 77 51 95 
GreedyCycle profit 69082.5151129769 96 66 57 27 92 0 7 88 79 55 15 87 21 93 69 78 52 98 23 37 83 58 19 56 6 45 70 99 42 2 82 54 33 28 29 94 32 75 36 95 77 51 4 38 84 67 53 63 39 68 49 72 80 60 24 86 8 11 26 34 85 59 61 22 97 90 46 31 16 14 10 71 73 20 9 89 5 48 74 25 65 3 64 96 
GreedyCycle profit 78901.16199056452 97 66 57 27 92 0 7 88 79 55 25 65 3 64 96 74 5 48 15 87 21 93 69 78 52 89 98 23 37 83 9 71 73 20 58 16 14 10 46 31 90 19 56 6 45 70 99 42 2 82 54 33 28 29 94 32 75 36 95 77 51 4 38 84 67 53 63 39 68 49 72 80 60 24 86 8 11 26 34 85 59 61 22 97 
GreedyCycle profit 68960.56479738279 98 66 57 27 92 0 7 88 79 55 25 65 3 64 96 74 5 48 15 87 21 93 69 78 52 89 83 58 19 56 6 45 70 99 42 2 82 54 33 28 29 94 32 75 36 95 77 51 4 38 84 67 53 63 39 68 49 72 80 60 24 86 8 11 26 34 85 59 61 22 97 90 46 31 16 14 10 71 73 20 9 23 37 98 
GreedyCycle profit 77931.69566768949 99 26 22 97 66 57 27 92 0 7 88 79 55 25 65 3 64 96 74 5 48 15 87 21 93 69 78 52 89 98 23 37 83 9 71 73 20 58 16 14 10 46 31 90 59 61 34 85 19 56 6 86 8 11 82 54 33 53 63 39 60 24 80 68 49 72 67 84 94 32 75 36 95 77 51 4 38 29 28 45 42 2 70 99 
61 2290 1810
19 2576 1676
56 2628 1479
6 2721 1482
45 3373 1646
70 3911 1673
99 3950 1558
42 3447 1830
2 3510 1671
82 2961 1605
54 2945 1622
33 3085 1528
28 3384 1498
29 3520 1079
94 3640 43
32 3913 192
75 3893 102
36 3875 598
95 3756 882
77 3822 899
51 3854 923
4 3888 666
38 3479 821
84 3113 885
67 2991 792
53 2519 135
63 2588 302
39 2542 236
68 2573 599
49 3022 474
72 2863 558
80 2599 901
60 2421 1007
24 2574 946
86 2586 1286
8 2716 1432
11 2728 1698
26 2678 1825
34 2573 1969
85 2597 1830
22 1807 1711
97 1724 1642
66 1917 687
57 2097 981
27 1795 962
92 1787 1009
0 1380 939
7 1286 525
88 1429 134
79 1178 100
55 953 268
25 178 24
65 241 341
3 457 334
64 327 265
96 776 392
74 839 620
5 984 965
48 938 955
15 123 862
87 161 906
21 53 857
93 22 987
69 19 674
78 378 1048
52 376 825
89 742 1025
98 198 1810
23 274 1420
37 298 1513
83 611 1384
9 738 1325
71 872 1559
73 929 1766
20 928 1700
58 890 1846
16 1234 1946
14 1247 1945
10 1251 1832
46 1393 1368
31 1424 1728
90 1625 1651
59 2139 1806
61 2290 1810
GreedyCycleWithRegret profit 3140.0 0 
GreedyCycleWithRegret profit 556.0 1 
GreedyCycleWithRegret profit 3675.0 2 
GreedyCycleWithRegret profit 1182.0 3 
GreedyCycleWithRegret profit 3595.0 4 
GreedyCycleWithRegret profit 962.0 5 
GreedyCycleWithRegret profit 2030.0 6 
GreedyCycleWithRegret profit 3507.0 7 
GreedyCycleWithRegret profit 2642.0 8 
GreedyCycleWithRegret profit 3438.0 9 
GreedyCycleWithRegret profit 3858.0 10 
GreedyCycleWithRegret profit 2937.0 11 
GreedyCycleWithRegret profit 376.0 12 
GreedyCycleWithRegret profit 839.0 13 
GreedyCycleWithRegret profit 706.0 14 
GreedyCycleWithRegret profit 749.0 15 
GreedyCycleWithRegret profit 298.0 16 
GreedyCycleWithRegret profit 694.0 17 
GreedyCycleWithRegret profit 387.0 18 
GreedyCycleWithRegret profit 2801.0 19 
GreedyCycleWithRegret profit 3133.0 20 
GreedyCycleWithRegret profit 1517.0 21 
GreedyCycleWithRegret profit 1538.0 22 
GreedyCycleWithRegret profit 844.0 23 
GreedyCycleWithRegret profit 2639.0 24 
GreedyCycleWithRegret profit 3123.0 25 
GreedyCycleWithRegret profit 2489.0 26 
GreedyCycleWithRegret profit 3834.0 27 
GreedyCycleWithRegret profit 3417.0 28 
GreedyCycleWithRegret profit 2938.0 29 
GreedyCycleWithRegret profit 71.0 30 
GreedyCycleWithRegret profit 3245.0 31 
GreedyCycleWithRegret profit 731.0 32 
GreedyCycleWithRegret profit 2312.0 33 
GreedyCycleWithRegret profit 2426.0 34 
GreedyCycleWithRegret profit 380.0 35 
GreedyCycleWithRegret profit 2310.0 36 
GreedyCycleWithRegret profit 2830.0 37 
GreedyCycleWithRegret profit 3829.0 38 
GreedyCycleWithRegret profit 3684.0 39 
GreedyCycleWithRegret profit 171.0 40 
GreedyCycleWithRegret profit 627.0 41 
GreedyCycleWithRegret profit 1490.0 42 
GreedyCycleWithRegret profit 61.0 43 
GreedyCycleWithRegret profit 422.0 44 
GreedyCycleWithRegret profit 2698.0 45 
GreedyCycleWithRegret profit 2372.0 46 
GreedyCycleWithRegret profit 177.0 47 
GreedyCycleWithRegret profit 3084.0 48 
GreedyCycleWithRegret profit 1213.0 49 
GreedyCycleWithRegret profit 3.0 50 
GreedyCycleWithRegret profit 1782.0 51 
GreedyCycleWithRegret profit 3896.0 52 
GreedyCycleWithRegret profit 1829.0 53 
GreedyCycleWithRegret profit 1286.0 54 
GreedyCycleWithRegret profit 3017.0 55 
GreedyCycleWithRegret profit 2132.0 56 
GreedyCycleWithRegret profit 2000.0 57 
GreedyCycleWithRegret profit 3317.0 58 
GreedyCycleWithRegret profit 1729.0 59 
GreedyCycleWithRegret profit 2408.0 60 
GreedyCycleWithRegret profit 3292.0 61 
GreedyCycleWithRegret profit 193.0 62 
GreedyCycleWithRegret profit 782.0 63 
GreedyCycleWithRegret profit 2503.0 64 
GreedyCycleWithRegret profit 1697.0 65 
GreedyCycleWithRegret profit 3821.0 66 
GreedyCycleWithRegret profit 3370.0 67 
GreedyCycleWithRegret profit 3162.0 68 
GreedyCycleWithRegret profit 3938.0 69 
GreedyCycleWithRegret profit 2741.0 70 
GreedyCycleWithRegret profit 2330.0 71 
GreedyCycleWithRegret profit 3918.0 72 
GreedyCycleWithRegret profit 1794.0 73 
GreedyCycleWithRegret profit 2929.0 74 
GreedyCycleWithRegret profit 3453.0 75 
GreedyCycleWithRegret profit 896.0 76 
GreedyCycleWithRegret profit 399.0 77 
GreedyCycleWithRegret profit 2614.0 78 
GreedyCycleWithRegret profit 2800.0 79 
GreedyCycleWithRegret profit 2630.0 80 
GreedyCycleWithRegret profit 563.0 81 
GreedyCycleWithRegret profit 1090.0 82 
GreedyCycleWithRegret profit 2009.0 83 
GreedyCycleWithRegret profit 3876.0 84 
GreedyCycleWithRegret profit 3084.0 85 
GreedyCycleWithRegret profit 1526.0 86 
GreedyCycleWithRegret profit 1612.0 87 
GreedyCycleWithRegret profit 1423.0 88 
GreedyCycleWithRegret profit 3058.0 89 
GreedyCycleWithRegret profit 3782.0 90 
GreedyCycleWithRegret profit 347.0 91 
GreedyCycleWithRegret profit 3904.0 92 
GreedyCycleWithRegret profit 2191.0 93 
GreedyCycleWithRegret profit 3220.0 94 
GreedyCycleWithRegret profit 468.0 95 
GreedyCycleWithRegret profit 3611.0 96 
GreedyCycleWithRegret profit 3114.0 97 
GreedyCycleWithRegret profit 3515.0 98 
GreedyCycleWithRegret profit 3060.0 99 
69 19 674
